32754
32748
32744
32728
32728
32727
32683
32607
32604
32588
32343
32326
32312
32278
32275
32263
32255
32241
32240
32149
32137
32063
32059
32040
31986
31959
31863
31839
31838
31834
31788
31725
31682
31603
31601
31534
31516
31471
31466
31452
31452
31424
31413
31404
31382
31367
31352
31322
31315
31270
31171
31140
31113
31053
31008
30979
30912
30873
30866
30833
30832
30816
30771
30742
30740
30726
30629
30627
30622
30621
30614
30577
30463
30450
30384
30381
30376
30295
30205
30072
30022
29911
29894
29851
29801
29798
29754
29727
29726
29710
29710
29687
29658
29586
29511
29461
29407
29375
29297
29289
29284
29197
29190
29173
29118
29108
28872
28865
28858
28762
28651
28629
28625
28619
28557
28548
28533
28533
28532
28492
28471
28421
28397
28365
28222
28220
28124
28119
28116
28114
28098
28088
28019
28007
27996
27933
27927
27910
27909
27835
27758
27757
27679
27673
27615
27556
27527
27459
27455
27445
27418
27410
27389
27349
27276
27261
26996
26992
26982
26938
26838
26823
26808
26780
26705
26688
26681
26660
26648
26607
26574
26537
26517
26500
26484
26472
26435
26405
26389
26378
26374
26358
26321
26283
26266
26209
26154
26098
26050
26030
25965
25938
25903
25902
25901
25889
25883
25838
25817
25785
25741
25651
25627
25623
25620
25600
25565
25559
25527
25520
25422
25405
25399
25387
25382
25348
25261
25224
25160
25128
25083
25079
25072
25063
24942
24928
24927
24908
24907
24901
24881
24860
24809
24792
24782
24712
24695
24691
24681
24612
24607
24605
24599
24594
24592
24588
24576
24543
24482
24423
24400
24378
24356
24349
24348
24326
24302
24300
24294
24272
24233
24195
24185
24143
24122
24100
24027
24017
23879
23832
23771
23758
23723
23722
23670
23651
23610
23581
23574
23529
23500
23497
23489
23415
23414
23408
23396
23396
23369
23366
23224
23175
23120
23113
23071
23068
23068
23006
22983
22955
22953
22942
22916
22825
22820
22762
22754
22731
22709
22705
22652
22648
22641
22604
22597
22590
22586
22546
22426
22420
22404
22388
22374
22364
22357
22329
22286
22176
22169
22160
22148
22145
22104
22068
22067
22045
22033
21929
21905
21884
21875
21839
21822
21801
21709
21685
21665
21613
21610
21590
21573
21551
21510
21462
21357
21329
21309
21304
21291
21276
21183
21183
21095
21089
21026
20999
20879
20792
20791
20716
20702
20697
20609
20605
20598
20581
20555
20553
20545
20522
20509
20502
20469
20410
20386
20381
20378
20317
20288
20282
20191
20150
20139
20119
20119
20116
20107
20073
20066
20066
20051
20019
20000
19969
19941
19936
19929
19737
19665
19569
19568
19558
19556
19507
19249
19206
19156
19128
19079
19072
19065
18985
18956
18954
18917
18909
18878
18834
18794
18690
18655
18650
18620
18580
18573
18512
18309
18251
18201
18155
18121
18011
17897
17850
17754
17654
17638
17609
17592
17585
17533
17512
17480
17455
17455
17432
17408
17366
17326
17258
17257
17200
17175
17122
17101
17048
17012
16992
16919
16902
16876
16866
16859
16851
16826
16807
16793
16772
16689
16582
16557
16491
16485
16475
16429
16399
16369
16322
16296
16236
16231
16227
16186
16168
16080
16014
16002
15992
15986
15965
15886
15875
15844
15840
15785
15719
15712
15709
15688
15667
15660
15640
15639
15592
15538
15536
15496
15457
15430
15386
15386
15352
15334
15227
15182
15180
15038
15022
15011
14977
14949
14925
14912
14896
14797
14689
14682
14572
14570
14553
14429
14384
14325
14277
14152
14131
14129
14098
14053
14043
14017
13984
13915
13888
13854
13853
13836
13835
13835
13826
13775
13737
13735
13719
13693
13650
13641
13631
13609
13509
13478
13457
13443
13358
13352
13349
13344
13271
13239
13201
13176
13164
13153
13144
13126
13080
13068
13049
13037
13034
12980
12973
12928
12901
12882
12833
12807
12793
12791
12763
12734
12733
12700
12639
12636
12635
12633
12600
12578
12517
12420
12348
12101
12063
12055
12050
12047
12044
12004
11999
11986
11980
11883
11847
11813
11769
11737
11706
11686
11652
11626
11569
11486
11461
11459
11457
11411
11298
11235
11202
11200
11169
11140
11135
11104
11072
11068
11057
11053
11029
11027
11012
10899
10889
10847
10827
10812
10769
10747
10696
10673
10672
10655
10640
10571
10570
10532
10496
10488
10441
10435
10427
10426
10415
10398
10380
10365
10313
10282
10274
10240
10233
10220
10189
10050
10046
10041
10007
9967
9963
9958
9940
9924
9921
9919
9917
9917
9905
9905
9890
9877
9838
9823
9792
9791
9766
9753
9723
9718
9718
9702
9696
9636
9612
9491
9471
9463
9373
9326
9234
9171
9148
9134
9005
8993
8963
8957
8947
8924
8909
8858
8784
8767
8752
8736
8721
8712
8688
8625
8608
8598
8579
8557
8550
8516
8479
8472
8469
8441
8370
8360
8344
8304
8280
8228
8217
8167
8163
8132
8061
7977
7972
7915
7728
7696
7695
7654
7630
7618
7479
7477
7399
7386
7380
7335
7330
7325
7280
7244
7219
7162
7155
7100
7055
7046
6981
6966
6957
6910
6888
6802
6782
6781
6780
6752
6751
6685
6672
6651
6586
6574
6531
6475
6428
6390
6387
6380
6371
6316
6265
6157
6005
5995
5968
5960
5888
5861
5834
5808
5804
5757
5739
5733
5691
5592
5576
5489
5462
5382
5333
5312
5154
5134
5101
5090
5037
5010
4967
4926
4841
4824
4774
4737
4731
4654
4626
4597
4530
4479
4473
4430
4403
4380
4371
4368
4368
4282
4235
4204
4175
4140
4127
4115
4103
4095
4015
3945
3903
3901
3900
3883
3867
3822
3777
3763
3752
3739
3719
3713
3704
3644
3595
3576
3572
3560
3502
3481
3354
3347
3317
3265
3264
3241
3237
3215
3175
3116
3083
3068
3060
2997
2995
2978
2917
2911
2884
2883
2873
2873
2850
2847
2804
2752
2722
2681
2674
2650
2623
2621
2607
2549
2508
2507
2428
2399
2376
2328
2251
2146
2141
2086
2074
2072
1980
1926
1870
1796
1789
1768
1728
1659
1643
1570
1554
1540
1463
1382
1366
1350
1344
1341
1310
1235
1192
1149
1138
1099
1088
1059
918
894
838
832
813
810
805
717
701
700
695
673
607
556
545
502
498
491
461
430
416
413
379
329
326
295
284
272
215
208
179
170
157
99
84
83
65
61
53
42
7
